1 05/02/2023 25,00,000.00 53,735.00 31,131.00 22,604.00 24,68,869.00 10.50
2 05/03/2023 24,68,869.00 53,735.00 32,132.00 21,603.00 24,36,737.00 10.50
3 05/04/2023 24,36,737.00 53,735.00 32,414.00 21,321.00 24,04,323.00 10.50
4 05/05/2023 24,04,323.00 53,735.00 32,697.00 21,038.00 23,71,626.00 10.50
5 05/06/2023 23,71,626.00 53,735.00 32,983.00 20,752.00 23,38,643.00 10.50
6 05/07/2023 23,38,643.00 53,735.00 33,272.00 20,463.00 23,05,371.00 10.50
7 05/08/2023 23,05,371.00 53,735.00 33,563.00 20,172.00 22,71,808.00 10.50
8 05/09/2023 22,71,808.00 53,735.00 33,857.00 19,878.00 22,37,951.00 10.50
9 05/10/2023 22,37,951.00 53,735.00 34,153.00 19,582.00 22,03,798.00 10.50
10 05/11/2023 22,03,798.00 53,735.00 34,452.00 19,283.00 21,69,346.00 10.50
11 05/12/2023 21,69,346.00 53,735.00 34,753.00 18,982.00 21,34,593.00 10.50
12 05/01/2024 21,34,593.00 53,735.00 35,057.00 18,678.00 20,99,536.00 10.50
13 05/02/2024 20,99,536.00 53,735.00 35,364.00 18,371.00 20,64,172.00 10.50
14 05/03/2024 20,64,172.00 53,735.00 35,673.00 18,062.00 20,28,499.00 10.50
15 05/04/2024 20,28,499.00 53,735.00 35,986.00 17,749.00 19,92,513.00 10.50
16 05/05/2024 19,92,513.00 53,735.00 36,301.00 17,434.00 19,56,212.00 10.50
17 05/06/2024 19,56,212.00 53,735.00 36,618.00 17,117.00 19,19,594.00 10.50
18 05/07/2024 19,19,594.00 53,735.00 36,939.00 16,796.00 18,82,655.00 10.50
19 05/08/2024 18,82,655.00 53,735.00 37,262.00 16,473.00 18,45,393.00 10.50
20 05/09/2024 18,45,393.00 53,735.00 37,588.00 16,147.00 18,07,805.00 10.50
21 05/10/2024 18,07,805.00 53,735.00 37,917.00 15,818.00 17,69,888.00 10.50
22 05/11/2024 17,69,888.00 53,735.00 38,248.00 15,487.00 17,31,640.00 10.50
23 05/12/2024 17,31,640.00 53,735.00 38,583.00 15,152.00 16,93,057.00 10.50
24 05/01/2025 16,93,057.00 53,735.00 38,921.00 14,814.00 16,54,136.00 10.50
25 05/02/2025 16,54,136.00 53,735.00 39,261.00 14,474.00 16,14,875.00 10.50
26 05/03/2025 16,14,875.00 53,735.00 39,605.00 14,130.00 15,75,270.00 10.50
27 05/04/2025 15,75,270.00 53,735.00 39,951.00 13,784.00 15,35,319.00 10.50
28 05/05/2025 15,35,319.00 53,735.00 40,301.00 13,434.00 14,95,018.00 10.50
29 05/06/2025 14,95,018.00 53,735.00 40,654.00 13,081.00 14,54,364.00 10.50
30 05/07/2025 14,54,364.00 53,735.00 41,009.00 12,726.00 14,13,355.00 10.50
31 05/08/2025 14,13,355.00 53,735.00 41,368.00 12,367.00 13,71,987.00 10.50
32 05/09/2025 13,71,987.00 53,735.00 41,730.00 12,005.00 13,30,257.00 10.50
33 05/10/2025 13,30,257.00 53,735.00 42,095.00 11,640.00 12,88,162.00 10.50
34 05/11/2025 12,88,162.00 53,735.00 42,464.00 11,271.00 12,45,698.00 10.50
35 05/12/2025 12,45,698.00 53,735.00 42,835.00 10,900.00 12,02,863.00 10.50
36 05/01/2026 12,02,863.00 53,735.00 43,210.00 10,525.00 11,59,653.00 10.50
37 05/02/2026 11,59,653.00 53,735.00 43,588.00 10,147.00 11,16,065.00 10.50
38 05/03/2026 11,16,065.00 53,735.00 43,969.00 9,766.00 10,72,096.00 10.50
39 05/04/2026 10,72,096.00 53,735.00 44,354.00 9,381.00 10,27,742.00 10.50
40 05/05/2026 10,27,742.00 53,735.00 44,742.00 8,993.00 9,83,000.00 10.50
41 05/06/2026 9,83,000.00 53,735.00 45,134.00 8,601.00 9,37,866.00 10.50
42 05/07/2026 9,37,866.00 53,735.00 45,529.00 8,206.00 8,92,337.00 10.50
43 05/08/2026 8,92,337.00 53,735.00 45,927.00 7,808.00 8,46,410.00 10.50
44 05/09/2026 8,46,410.00 53,735.00 46,329.00 7,406.00 8,00,081.00 10.50
45 05/10/2026 8,00,081.00 53,735.00 46,734.00 7,001.00 7,53,347.00 10.50
46 05/11/2026 7,53,347.00 53,735.00 47,143.00 6,592.00 7,06,204.00 10.50
47 05/12/2026 7,06,204.00 53,735.00 47,556.00 6,179.00 6,58,648.00 10.50
48 05/01/2027 6,58,648.00 53,735.00 47,972.00 5,763.00 6,10,676.00 10.50
49 05/02/2027 6,10,676.00 53,735.00 48,392.00 5,343.00 5,62,284.00 10.50
50 05/03/2027 5,62,284.00 53,735.00 48,815.00 4,920.00 5,13,469.00 10.50
51 05/04/2027 5,13,469.00 53,735.00 49,242.00 4,493.00 4,64,227.00 10.50
52 05/05/2027 4,64,227.00 53,735.00 49,673.00 4,062.00 4,14,554.00 10.50
53 05/06/2027 4,14,554.00 53,735.00 50,108.00 3,627.00 3,64,446.00 10.50
54 05/07/2027 3,64,446.00 53,735.00 50,546.00 3,189.00 3,13,900.00 10.50
55 05/08/2027 3,13,900.00 53,735.00 50,988.00 2,747.00 2,62,912.00 10.50
56 05/09/2027 2,62,912.00 53,735.00 51,435.00 2,300.00 2,11,477.00 10.50
57 05/10/2027 2,11,477.00 53,735.00 51,885.00 1,850.00 1,59,592.00 10.50
58 05/11/2027 1,59,592.00 53,735.00 52,339.00 1,396.00 1,07,253.00 10.50
59 05/12/2027 1,07,253.00 53,735.00 52,797.00 938.00 54,456.00 10.50
60 05/01/2028 54,456.00 54,932.00 54,456.00 476.00 0.00 10.50